B0 = 10.048444486237473
            b0 = 0.09855133652042912

            epsiloneq = 0
            Lambda = 0.01
            kappaeq = 1

            tauepsilon = 10000
            taukappa = 1000
            deltaepsilon = 0.0001
            deltakappa = 0.0001

            inter_kappa = true
            inter_epsilon = true

            term = long

            dt = 0.01
            tfin = 200000.0

            Beq = 3.0151134457776365
            beq = 0.30151134457776363
        