B0 = 3.1622776601683795
            b0 = 1

            epsiloneq = 0.1
            Lambda = 0.01
            kappaeq = 0

            tauepsilon = 10000
            taukappa = 1000
            deltaepsilon = 0.0001
            deltakappa = 0.0001

            inter_kappa = false
            inter_epsilon = true

            term = mid

            dt = 0.01
            tfin = 50000.0

            Beq = 3.1622776601683795
            beq = 1
        