B0 = 1.3504654609714346
            b0 = 0.5313903425239105

            epsiloneq = -0.1
            Lambda = 0.1
            kappaeq = 1

            tauepsilon = 10000
            taukappa = 10000
            deltaepsilon = 1e-05
            deltakappa = 0.0001

            inter_kappa = true
            inter_epsilon = true

            term = mid

            dt = 0.01
            tfin = 50000.0

            Beq = 1.3504654609714346
            beq = 0.5313903425239105
        