B0 = 10.186104367191051
            b0 = 0.6129210535875408

            epsiloneq = -0.1
            Lambda = 0.01
            kappaeq = 0.1

            tauepsilon = 10000
            taukappa = 1000
            deltaepsilon = 1e-05
            deltakappa = 1e-05

            inter_kappa = true
            inter_epsilon = true

            term = long

            dt = 0.01
            tfin = 200000.0

            Beq = 0
            beq = 1
        