B0 = 0.3363346630519757
            b0 = 0.8186909912481861

            epsiloneq = 2.0
            Lambda = 0.01
            kappaeq = 10.0

            tauepsilon = 0
            taukappa = 0
            deltaepsilon = 0
            deltakappa = 0

            inter_kappa = true
            inter_epsilon = true

            term = short

            dt = 0.01
            tfin = 400

            Beq = 14.143902661946491
            beq = 0.00706983101757135
        