B0 = 0.09844403685453483
            b0 = 1.5673023198377753

            epsiloneq = 0.1
            Lambda = 0.01
            kappaeq = 100.0

            tauepsilon = 0
            taukappa = 0
            deltaepsilon = 0
            deltakappa = 0

            inter_kappa = true
            inter_epsilon = true

            term = short

            dt = 0.01
            tfin = 400

            Beq = 3.17789514800405
            beq = 0.003146705764886226
        