B0 = 0.012395284877253965
            b0 = 0.022139701393058944

            epsiloneq = 0.1
            Lambda = 1
            kappaeq = 100.0

            tauepsilon = 0
            taukappa = 0
            deltaepsilon = 0
            deltakappa = 0

            inter_kappa = true
            inter_epsilon = true

            term = short

            dt = 0.01
            tfin = 400

            Beq = 0.4021792797273581
            beq = 0.024849179672982474
        