B0 = 10.186104367191051
            b0 = 0.6129210535875408

            epsiloneq = -0.1
            Lambda = 0.01
            kappaeq = 0.1

            tauepsilon = 10000
            taukappa = 10000
            deltaepsilon = 1e-05
            deltakappa = 1e-05

            inter_kappa = true
            inter_epsilon = false

            term = long

            dt = 0.01
            tfin = 1000

            Beq = 0
            beq = 1
        