B0 = 6.009724355333464
            b0 = 0.8374155829027364

            epsiloneq = 2.0
            Lambda = 1
            kappaeq = 10.0

            tauepsilon = 0
            taukappa = 0
            deltaepsilon = 0
            deltakappa = 0

            inter_kappa = true
            inter_epsilon = true

            term = short

            dt = 0.01
            tfin = 400

            Beq = 1.431205391723751
            beq = 0.06953335408214921
        