B0 = 10.186104367191051
            b0 = 0.6129210535875408

            epsiloneq = 0.1
            Lambda = 0.01
            kappaeq = 0.1

            tauepsilon = 10000
            taukappa = 10000
            deltaepsilon = 0.0001
            deltakappa = 0.0001

            inter_kappa = true
            inter_epsilon = true

            term = long

            dt = 0.01
            tfin = 200000.0

            Beq = 4.0824829046386295
            beq = 0.8164965809277259
        