B0 = 3.0151134457776365
            b0 = 0.30151134457776363

            epsiloneq = 0
            Lambda = 0.01
            kappaeq = 1

            tauepsilon = 10000
            taukappa = 10000
            deltaepsilon = 0.0001
            deltakappa = 0.0001

            inter_kappa = false
            inter_epsilon = true

            term = mid

            dt = 0.01
            tfin = 50000.0

            Beq = 3.0151134457776365
            beq = 0.30151134457776363
        