B0 = 3.2744171820641608
            b0 = 0.8495927743319157

            epsiloneq = -0.1
            Lambda = 0.1
            kappaeq = 0.1

            tauepsilon = 10000
            taukappa = 1000
            deltaepsilon = 1e-05
            deltakappa = 0.0001

            inter_kappa = true
            inter_epsilon = true

            term = long

            dt = 0.01
            tfin = 200000.0

            Beq = 0
            beq = 1
        