B0 = 0.0015760277802162983
            b0 = 6.4162523239043585

            epsiloneq = 0.1
            Lambda = 0.01
            kappaeq = 100.0

            tauepsilon = 0
            taukappa = 0
            deltaepsilon = 0
            deltakappa = 0

            inter_kappa = true
            inter_epsilon = true

            term = short

            dt = 0.01
            tfin = 400

            Beq = 3.17789514800405
            beq = 0.003146705764886226
        