B0 = 3.2843406124110563
            b0 = 0.28051617748939767

            epsiloneq = 0.1
            Lambda = 0.1
            kappaeq = 1

            tauepsilon = 10000
            taukappa = 10000
            deltaepsilon = 1e-05
            deltakappa = 1e-05

            inter_kappa = true
            inter_epsilon = true

            term = long

            dt = 0.01
            tfin = 200000.0

            Beq = 1.7493179516122799
            beq = 0.45388470957204347
        