B0 = 0.953462589245592
            b0 = 0.953462589245592

            epsiloneq = 0
            Lambda = 0.1
            kappaeq = 0.1

            tauepsilon = 10000
            taukappa = 10000
            deltaepsilon = 0.0001
            deltakappa = 1e-05

            inter_kappa = true
            inter_epsilon = true

            term = mid

            dt = 0.01
            tfin = 50000.0

            Beq = 0.953462589245592
            beq = 0.953462589245592
        