B0 = 4.0824829046386295
            b0 = 0.8164965809277259

            epsiloneq = 0.1
            Lambda = 0.01
            kappaeq = 0.1

            tauepsilon = 10000
            taukappa = 1000
            deltaepsilon = 0.0001
            deltakappa = 0.0001

            inter_kappa = false
            inter_epsilon = true

            term = mid

            dt = 0.01
            tfin = 50000.0

            Beq = 4.0824829046386295
            beq = 0.8164965809277259
        