B0 = 0.1033535495091154
            b0 = 0.15723601551929356

            epsiloneq = 2.0
            Lambda = 0.001
            kappaeq = 10.0

            tauepsilon = 0
            taukappa = 0
            deltaepsilon = 0
            deltakappa = 0

            inter_kappa = true
            inter_epsilon = true

            term = short

            dt = 0.01
            tfin = 400

            Beq = 44.72191854393219
            beq = 0.0022360288483425322
        