B0 = 10.048444486237473
            b0 = 0.09855133652042912

            epsiloneq = -0.1
            Lambda = 0.01
            kappaeq = 1

            tauepsilon = 10000
            taukappa = 10000
            deltaepsilon = 0.0001
            deltakappa = 0.0001

            inter_kappa = true
            inter_epsilon = false

            term = long

            dt = 0.01
            tfin = 1000

            Beq = 2.20738093694118
            beq = 0.38564920070928865
        