B0 = 3.2843406124110563
            b0 = 0.28051617748939767

            epsiloneq = 0
            Lambda = 0.1
            kappaeq = 1

            tauepsilon = 10000
            taukappa = 1000
            deltaepsilon = 0.0001
            deltakappa = 0.0001

            inter_kappa = true
            inter_epsilon = true

            term = long

            dt = 0.01
            tfin = 200000.0

            Beq = 1.55000991400714
            beq = 0.49015617241042897
        