B0 = 2.20738093694118
            b0 = 0.38564920070928865

            epsiloneq = -0.1
            Lambda = 0.01
            kappaeq = 1

            tauepsilon = 10000
            taukappa = 10000
            deltaepsilon = 0.0001
            deltakappa = 1e-05

            inter_kappa = true
            inter_epsilon = true

            term = mid

            dt = 0.01
            tfin = 50000.0

            Beq = 2.20738093694118
            beq = 0.38564920070928865
        